3030	1608
3030	1608
3030	1608
3030	1608
3030	1608
3030	1608
3030	1608
3030	1608
3030	1608
3030	1608
3030	1608
3030	1608
3030	1608
3030	1608
3030	1608
3029	1608
3030	1608
3030	1608
3030	1608
3030	1608
3030	1608
3030	1608
3030	1608
3030	1608
3030	1608
3030	1607
3030	1606
3031	1604
3031	1603
3033	1601
3038	1600
3048	1598
3057	1596
3070	1596
3083	1595
3097	1595
3112	1595
3130	1595
3145	1595
3162	1595
3175	1596
3190	1595
3204	1596
3218	1595
3230	1595
3247	1595
3264	1595
3284	1595
3312	1595
3333	1596
3353	1598
3374	1598
3394	1599
3413	1601
3428	1603
3438	1606
3444	1610
3450	1614
3453	1619
3456	1622
3461	1624
3466	1628
3475	1634
3485	1641
3496	1653
3506	1667
3520	1682
3530	1695
3539	1708
3544	1718
3548	1726
3555	1733
3559	1738
3567	1743
3576	1748
3588	1753
3599	1762
3609	1773
3618	1786
3623	1802
3626	1819
3628	1845
3630	1861
3633	1876
3635	1890
3639	1910
3644	1922
3648	1934
3652	1945
3654	1957
3656	1968
3658	1979
3659	1989
3660	2000
3661	2010
3662	2021
3666	2040
3677	2060
3692	2075
3703	2089
3715	2110
3730	2123
3741	2136
3752	2148
3762	2159
3773	2170
3784	2186
3798	2195
3807	2204
3815	2212
3822	2221
3828	2232
3834	2243
3841	2261
3852	2272
3860	2283
3871	2296
3880	2315
3894	2332
3905	2345
3916	2355
3923	2369
3936	2380
3945	2389
3958	2409
3975	2421
3989	2442
4005	2456
4014	2472
4023	2487
4030	2501
4038	2513
4045	2524
4054	2539
4065	2548
4074	2558
4084	2570
4096	2588
4111	2601
4122	2614
4134	2638
4149	2655
4157	2672
4165	2697
4174	2714
4179	2738
4186	2760
4192	2772
4197	2787
4207	2799
4221	2807
4237	2811
4250	2818
4266	2830
4290	2844
4315	2855
4340	2866
4365	2873
4383	2884
4404	2891
4420	2898
4434	2906
4450	2917
4469	2924
4483	2929
4499	2940
4518	2947
4531	2955
4546	2969
4568	2977
4585	2992
4607	3000
4623	3009
4638	3019
4656	3024
4668	3029
4681	3032
4696	3036
4717	3038
4736	3040
4754	3041
4772	3043
4791	3046
4809	3049
4828	3054
4849	3059
4863	3063
4866	3067
4866	3071
4864	3078
4856	3083
4847	3091
4832	3097
4819	3103
4802	3112
4776	3119
4754	3125
4734	3130
4709	3135
4674	3137
4637	3138
4611	3138
4586	3138
4557	3139
4521	3139
4496	3139
4469	3141
4440	3143
4400	3144
4366	3145
4342	3145
4317	3145
4292	3144
4264	3144
4239	3145
4208	3144
4177	3145
4133	3144
4090	3144
4052	3143
4014	3140
3978	3135
3950	3129
3928	3114
3903	3096
3877	3078
3856	3059
3833	3038
3808	3012
3778	2983
3753	2964
3734	2944
3716	2924
3697	2896
3675	2875
3658	2852
3642	2815
3617	2790
3600	2765
3581	2739
3562	2714
3539	2677
3510	2655
3492	2636
3472	2618
3453	2595
3423	2567
3388	2536
3348	2515
3315	2485
3261	2458
3204	2433
3144	2413
3092	2403
3055	2393
3016	2386
2982	2380
2947	2372
2908	2356
2857	2336
2816	2321
2791	2307
2769	2288
2744	2276
2728	2266
2710	2249
2691	2233
2674	2223
2665	2208
2659	2199
2657	2182
2656	2170
2656	2158
2656	2143
2656	2134
2656	2127
2656	2117
2656	2108
2656	2097
2656	2088
2656	2077
2656	2054
2656	2026
2656	1998
2656	1978
2656	1949
2656	1931
2656	1914
2656	1889
2656	1867
2656	1854
2656	1834
2654	1813
2647	1799
2636	1779
2617	1759
2597	1744
2575	1733
2553	1725
2529	1717
2501	1711
2468	1707
2426	1705
2377	1703
2322	1705
2263	1707
2207	1708
2164	1708
2110	1708
2063	1708
2020	1708
1977	1708
1949	1708
1908	1710
1875	1710
1852	1711
1830	1714
1808	1721
1778	1731
1754	1741
1735	1746
1720	1752
1708	1753
1701	1753
1699	1753
1697	1753
1698	1752
1698	1751
1699	1749
1705	1745
1717	1736
1742	1730
1762	1724
1787	1709
1819	1693
1849	1676
1876	1659
1908	1641
1942	1624
1977	1605
2015	1587
2047	1575
2074	1562
2107	1549
2144	1540
2183	1531
2223	1522
2266	1516
2305	1512
2336	1507
2371	1505
2396	1503
2421	1503
2449	1503
2484	1503
2517	1502
2543	1501
2580	1498
2604	1495
2630	1492
2656	1489
2688	1487
2712	1487
2752	1487
2779	1487
2807	1488
2831	1489
2853	1487
2877	1486
2896	1486
2920	1486
2951	1486
2984	1487
3013	1486
3044	1486
3072	1486
3099	1486
3121	1486
3148	1486
3170	1486
3192	1486
3213	1486
3233	1486
3249	1486
3264	1486
3273	1486
3278	1486
3278	1485
3278	1480
3276	1474
3271	1469
3262	1463
3246	1458
3224	1450
3198	1442
3169	1436
3149	1426
3113	1416
3080	1408
3043	1402
3011	1397
2982	1393
2951	1388
2918	1383
2884	1381
2853	1381
2822	1382
2800	1381
2761	1381
2726	1383
2686	1384
2651	1385
2614	1385
2576	1385
2540	1385
2500	1388
2462	1391
2430	1392
2391	1392
2362	1393
2337	1398
2315	1411
2290	1429
2264	1445
2241	1472
2211	1503
2181	1534
2153	1566
2135	1594
2118	1625
2099	1656
2089	1684
2083	1709
2080	1732
2080	1754
2080	1777
2080	1804
2080	1834
2079	1862
2078	1887
2075	1906
2068	1920
2058	1930
2043	1936
2026	1940
2009	1942
1999	1943
1998	1944
1999	1944
2001	1944
2006	1945
2016	1949
2027	1954
2037	1960
2045	1966
2053	1966
2058	1966
2063	1966
2066	1966
2068	1966
2068	1964
2068	1964
2068	1964
2068	1963
2068	1964
2068	1964
2068	1963
2068	1964
2068	1963
2068	1963
2068	1963
2068	1963
2068	1963
2068	1964
2068	1963
2068	1963
2068	1963
2068	1963
2068	1963
2068	1963
2068	1963
2068	1963
