3450	2552
3449	2551
3450	2551
3450	2552
3450	2552
3450	2551
3450	2551
3450	2551
3449	2551
3450	2551
3450	2551
3450	2551
3449	2551
3449	2551
3450	2552
3449	2551
3450	2551
3450	2551
3450	2551
3450	2551
3450	2551
3450	2551
3450	2552
3449	2551
3450	2551
3450	2551
3450	2552
3450	2551
3450	2551
3449	2551
3450	2552
3450	2552
3450	2551
3449	2552
3449	2551
3450	2551
3449	2551
3450	2552
3451	2551
3451	2552
3452	2551
3452	2552
3452	2551
3453	2551
3453	2551
3453	2551
3450	2551
3449	2551
3443	2551
3426	2551
3396	2551
3354	2551
3289	2551
3189	2551
3117	2551
3037	2551
2966	2552
2907	2551
2856	2551
2818	2551
2805	2551
2813	2551
2843	2551
2891	2551
2960	2552
3044	2552
3134	2551
3227	2551
3322	2552
3396	2551
3455	2552
3503	2552
3526	2552
3533	2552
3523	2552
3500	2552
3456	2551
3388	2551
3315	2551
3248	2551
3173	2551
3120	2551
3072	2551
3049	2551
3048	2551
3068	2551
3105	2551
3161	2551
3223	2551
3306	2551
3366	2551
3430	2552
3473	2551
3496	2552
3491	2551
3459	2551
3412	2551
3340	2551
3265	2551
3198	2551
3140	2551
3098	2551
3067	2551
3048	2551
3046	2551
3053	2551
3063	2551
3076	2551
3084	2552
3091	2551
3094	2551
3094	2551
3093	2551
3095	2549
3095	2531
3095	2508
3095	2476
3095	2436
3095	2383
3095	2326
3095	2267
3095	2207
3095	2148
3094	2095
3094	2050
3094	2019
3094	2011
3094	2016
3093	2026
3093	2054
3095	2096
3095	2132
3095	2173
3095	2218
3095	2259
3095	2291
3096	2306
3096	2307
3096	2298
3096	2281
3098	2253
3103	2213
3108	2160
3115	2067
3116	2010
3116	1965
3116	1944
3116	1949
3116	1961
3118	1982
3118	2010
3118	2041
3118	2074
3118	2106
3118	2150
3118	2173
3119	2190
3118	2194
3119	2189
3119	2176
3120	2159
3120	2141
3120	2132
3120	2129
3120	2129
3118	2130
3118	2129
3118	2129
3118	2130
3118	2129
3118	2129
3118	2130
3118	2129
3118	2129
3120	2129
3119	2129
3118	2129
3118	2129
3118	2129
3118	2129
